1
texture0.tex
128 128
22
0 160 128 128 0 0 0 frame0
0 290 128 128 0 0 0 frame1
0 420 128 128 0 0 0 frame2
0 550 128 128 0 0 0 frame3
0 680 128 128 0 0 0 frame4
0 810 128 128 0 0 0 frame5
130 160 128 128 0 0 0 frame6
160 0 128 128 0 0 0 frame7
130 290 128 128 0 0 0 frame8
130 420 128 128 0 0 0 frame9
130 550 128 128 0 0 0 frame10
130 680 128 128 0 0 0 frame11
130 810 128 128 0 0 0 frame12
260 130 128 128 0 0 0 frame13
290 0 128 128 0 0 0 frame14
260 260 128 128 0 0 0 frame15
260 390 128 128 0 0 0 frame16
260 520 128 128 0 0 0 frame17
260 650 128 128 0 0 0 frame18
260 780 128 128 0 0 0 frame19
390 130 128 128 0 0 0 frame20
420 0 128 128 0 0 0 frame21
