1
texture0.tex
64 64
32
0 940 64 64 0 0 0 frame0
66 940 64 64 0 0 0 frame1
132 940 64 64 0 0 0 frame2
198 940 64 64 0 0 0 frame3
264 910 64 64 0 0 0 frame4
330 910 64 64 0 0 0 frame5
396 910 64 64 0 0 0 frame6
462 910 64 64 0 0 0 frame7
528 910 64 64 0 0 0 frame8
594 910 64 64 0 0 0 frame9
660 910 64 64 0 0 0 frame10
726 910 64 64 0 0 0 frame11
792 910 64 64 0 0 0 frame12
858 910 64 64 0 0 0 frame13
924 910 64 64 0 0 0 frame14
990 910 64 64 0 0 0 frame15
1056 910 64 64 0 0 0 frame16
1122 910 64 64 0 0 0 frame17
1170 260 64 64 0 0 0 frame18
1170 326 64 64 0 0 0 frame19
1170 392 64 64 0 0 0 frame20
1170 458 64 64 0 0 0 frame21
1170 524 64 64 0 0 0 frame22
1170 590 64 64 0 0 0 frame23
1170 656 64 64 0 0 0 frame24
1170 722 64 64 0 0 0 frame25
1170 788 64 64 0 0 0 frame26
1188 854 64 64 0 0 0 frame27
1188 920 64 64 0 0 0 frame28
1236 260 64 64 0 0 0 frame29
1300 130 64 64 0 0 0 frame30
1330 0 64 64 0 0 0 frame31
