1
texture0.tex
102 102
32
680 0 102 102 0 0 0 frame0
260 910 102 102 0 0 0 frame1
364 910 102 102 0 0 0 frame2
468 910 102 102 0 0 0 frame3
572 910 102 102 0 0 0 frame4
650 260 102 102 0 0 0 frame5
650 364 102 102 0 0 0 frame6
650 468 102 102 0 0 0 frame7
650 572 102 102 0 0 0 frame8
650 676 102 102 0 0 0 frame9
650 780 102 102 0 0 0 frame10
676 884 102 102 0 0 0 frame11
754 260 102 102 0 0 0 frame12
780 104 102 102 0 0 0 frame13
784 0 102 102 0 0 0 frame14
754 364 102 102 0 0 0 frame15
754 468 102 102 0 0 0 frame16
754 572 102 102 0 0 0 frame17
754 676 102 102 0 0 0 frame18
754 780 102 102 0 0 0 frame19
780 884 102 102 0 0 0 frame20
858 208 102 102 0 0 0 frame21
884 104 102 102 0 0 0 frame22
888 0 102 102 0 0 0 frame23
858 312 102 102 0 0 0 frame24
858 416 102 102 0 0 0 frame25
858 520 102 102 0 0 0 frame26
858 624 102 102 0 0 0 frame27
858 728 102 102 0 0 0 frame28
884 832 102 102 0 0 0 frame29
962 208 102 102 0 0 0 frame30
988 104 102 102 0 0 0 frame31
