1
texture0.tex
128 192
18
0 0 128 192 0 0 0 frame0
128 0 128 192 0 0 0 frame1
256 0 128 192 0 0 0 frame2
384 0 128 192 0 0 0 frame3
0 192 128 192 0 0 0 frame4
128 192 128 192 0 0 0 frame5
256 192 128 192 0 0 0 frame6
384 192 128 192 0 0 0 frame7
0 384 128 192 0 0 0 frame8
0 576 128 192 0 0 0 frame9
0 768 128 192 0 0 0 frame10
128 384 128 192 0 0 0 frame11
256 384 128 192 0 0 0 frame12
384 384 128 192 0 0 0 frame13
128 576 128 192 0 0 0 frame14
128 768 128 192 0 0 0 frame15
256 576 128 192 0 0 0 frame16
384 576 128 192 0 0 0 frame17
