1
Fire40frames0.tex
256 256
32
0 0 256 256 0 0 0 frame0
0 256 256 256 0 0 0 frame1
0 512 256 256 0 0 0 frame2
0 768 256 256 0 0 0 frame3
256 0 256 256 0 0 0 frame4
256 256 256 256 0 0 0 frame5
256 512 256 256 0 0 0 frame6
256 768 256 256 0 0 0 frame7
512 0 256 256 0 0 0 frame8
512 256 256 256 0 0 0 frame9
512 512 256 256 0 0 0 frame10
512 768 256 256 0 0 0 frame11
768 0 256 256 0 0 0 frame12
768 256 256 256 0 0 0 frame13
768 512 256 256 0 0 0 frame14
768 768 256 256 0 0 0 frame15
1024 0 256 256 0 0 0 frame16
1024 256 256 256 0 0 0 frame17
1024 512 256 256 0 0 0 frame18
1024 768 256 256 0 0 0 frame19
1280 0 256 256 0 0 0 frame20
1536 0 256 256 0 0 0 frame21
1792 0 256 256 0 0 0 frame22
1280 256 256 256 0 0 0 frame23
1280 512 256 256 0 0 0 frame24
1280 768 256 256 0 0 0 frame25
1536 256 256 256 0 0 0 frame26
1792 256 256 256 0 0 0 frame27
1536 512 256 256 0 0 0 frame28
1536 768 256 256 0 0 0 frame29
1792 512 256 256 0 0 0 frame30
1792 768 256 256 0 0 0 frame31
