1
texture0.tex
128 128
22
0 258 128 128 0 0 0 frame0
130 258 128 128 0 0 0 frame1
258 0 128 128 0 0 0 frame2
260 130 128 128 0 0 0 frame3
388 0 128 128 0 0 0 frame4
260 260 128 128 0 0 0 frame5
390 130 128 128 0 0 0 frame6
518 0 128 128 0 0 0 frame7
390 260 128 128 0 0 0 frame8
520 130 128 128 0 0 0 frame9
648 0 128 128 0 0 0 frame10
520 260 128 128 0 0 0 frame11
650 130 128 128 0 0 0 frame12
778 0 128 128 0 0 0 frame13
650 260 128 128 0 0 0 frame14
780 130 128 128 0 0 0 frame15
908 0 128 128 0 0 0 frame16
780 260 128 128 0 0 0 frame17
910 130 128 128 0 0 0 frame18
1038 0 128 128 0 0 0 frame19
910 260 128 128 0 0 0 frame20
1040 130 128 128 0 0 0 frame21
