1
texture0.tex
128 128
16
112 130 107 115 8 8 0 frame0
1765 120 110 120 9 4 0 frame1
1533 126 115 122 8 3 0 frame2
1300 0 116 123 7 2 0 frame3
1300 125 115 123 8 2 0 frame4
1417 125 114 124 9 2 0 frame5
1533 0 114 124 9 2 0 frame6
1649 0 114 123 9 2 0 frame7
1418 0 113 122 10 2 0 frame8
1650 126 113 120 10 2 0 frame9
1765 0 112 118 11 2 0 frame10
1877 120 112 116 11 2 0 frame11
1879 0 111 113 12 2 0 frame12
0 130 110 112 13 2 0 frame13
221 130 109 106 14 2 0 frame14
332 130 108 98 15 2 0 frame15
