1
texture0.tex
128 128
36
1522 904 128 128 0 0 0 frame0
1652 904 128 128 0 0 0 frame1
1273 976 128 128 0 0 0 frame2
1784 915 128 128 0 0 0 frame3
1914 915 128 128 0 0 0 frame4
1403 1034 128 128 0 0 0 frame5
1270 1106 128 128 0 0 0 frame6
1026 1219 128 128 0 0 0 frame7
1533 1034 128 128 0 0 0 frame8
1663 1045 128 128 0 0 0 frame9
1793 1045 128 128 0 0 0 frame10
1400 1164 128 128 0 0 0 frame11
1530 1164 128 128 0 0 0 frame12
1156 1236 128 128 0 0 0 frame13
1026 1349 128 128 0 0 0 frame14
1660 1175 128 128 0 0 0 frame15
1790 1175 128 128 0 0 0 frame16
1920 1175 128 128 0 0 0 frame17
1286 1294 128 128 0 0 0 frame18
1156 1366 128 128 0 0 0 frame19
1026 1479 128 128 0 0 0 frame20
1416 1294 128 128 0 0 0 frame21
1026 1609 128 128 0 0 0 frame22
1026 1739 128 128 0 0 0 frame23
1026 1869 128 128 0 0 0 frame24
1546 1305 128 128 0 0 0 frame25
1286 1424 128 128 0 0 0 frame26
1156 1496 128 128 0 0 0 frame27
1416 1424 128 128 0 0 0 frame28
1676 1305 128 128 0 0 0 frame29
1806 1305 128 128 0 0 0 frame30
1156 1626 128 128 0 0 0 frame31
1156 1756 128 128 0 0 0 frame32
1156 1886 128 128 0 0 0 frame33
1286 1554 128 128 0 0 0 frame34
1286 1684 128 128 0 0 0 frame35
