1
texture0.tex
256 192
20
252 1266 256 170 0 2 0 frame0
252 1438 256 170 0 2 0 frame1
252 1610 256 170 0 2 0 frame2
252 1782 256 170 0 2 0 frame3
504 564 256 170 0 2 0 frame4
504 736 256 170 0 2 0 frame5
504 908 256 170 0 2 0 frame6
504 1080 256 170 0 2 0 frame7
510 1252 256 170 0 2 0 frame8
510 1424 256 170 0 2 0 frame9
510 1596 256 170 0 2 0 frame10
510 1768 256 170 0 2 0 frame11
762 564 256 170 0 2 0 frame12
762 736 256 170 0 2 0 frame13
762 908 256 170 0 2 0 frame14
762 1080 256 170 0 2 0 frame15
768 1252 256 170 0 2 0 frame16
768 1424 256 170 0 2 0 frame17
768 1596 256 170 0 2 0 frame18
768 1768 256 170 0 2 0 frame19
