1
texture0.tex
256 192
30
514 0 250 186 6 1 0 frame0
766 0 250 186 6 1 0 frame1
1018 0 250 186 6 1 0 frame2
1270 0 250 186 6 1 0 frame3
1522 0 250 186 6 1 0 frame4
1774 0 250 186 6 1 0 frame5
514 188 250 186 6 1 0 frame6
766 188 250 186 6 1 0 frame7
1018 188 250 186 6 1 0 frame8
1270 188 250 186 6 1 0 frame9
1522 188 250 186 6 1 0 frame10
1774 188 250 186 6 1 0 frame11
514 376 250 186 6 1 0 frame12
0 514 250 186 6 1 0 frame13
252 514 250 186 6 1 0 frame14
766 376 250 186 6 1 0 frame15
1018 376 250 186 6 1 0 frame16
1270 376 250 186 6 1 0 frame17
1522 376 250 186 6 1 0 frame18
1774 376 250 186 6 1 0 frame19
0 702 250 186 6 1 0 frame20
0 890 250 186 6 1 0 frame21
0 1078 250 186 6 1 0 frame22
0 1266 250 186 6 1 0 frame23
0 1454 250 186 6 1 0 frame24
0 1642 250 186 6 1 0 frame25
0 1830 250 186 6 1 0 frame26
252 702 250 186 6 1 0 frame27
252 890 250 186 6 1 0 frame28
252 1078 250 186 6 1 0 frame29
