1
texture0.tex
256 32
18
252 1954 256 32 0 0 0 frame0
1008 2016 256 32 0 0 0 frame1
252 1988 256 32 0 0 0 frame2
1266 2016 256 32 0 0 0 frame3
1286 1814 256 32 0 0 0 frame4
1286 1848 256 32 0 0 0 frame5
1286 1882 256 32 0 0 0 frame6
1286 1916 256 32 0 0 0 frame7
1286 1950 256 32 0 0 0 frame8
1524 1984 256 32 0 0 0 frame9
1782 1435 256 32 0 0 0 frame10
1782 1469 256 32 0 0 0 frame11
1782 1503 256 32 0 0 0 frame12
1782 1537 256 32 0 0 0 frame13
1782 1571 256 32 0 0 0 frame14
1782 1605 256 32 0 0 0 frame15
1782 1639 256 32 0 0 0 frame16
1782 1673 256 32 0 0 0 frame17
