1
texture1.tex
128 64
22
0 0 128 64 0 0 0 frame0
0 66 128 64 0 0 0 frame1
0 132 128 64 0 0 0 frame2
0 198 128 64 0 0 0 frame3
0 264 128 64 0 0 0 frame4
0 330 128 64 0 0 0 frame5
0 396 128 64 0 0 0 frame6
0 462 128 64 0 0 0 frame7
0 528 128 64 0 0 0 frame8
0 594 128 64 0 0 0 frame9
0 660 128 64 0 0 0 frame10
0 726 128 64 0 0 0 frame11
0 792 128 64 0 0 0 frame12
0 858 128 64 0 0 0 frame13
0 924 128 64 0 0 0 frame14
0 990 128 64 0 0 0 frame15
0 1056 128 64 0 0 0 frame16
0 1122 128 64 0 0 0 frame17
0 1188 128 64 0 0 0 frame18
0 1254 128 64 0 0 0 frame19
0 1320 128 64 0 0 0 frame20
0 1386 128 64 0 0 0 frame21
