1
texture0.tex
128 64
20
1416 1707 128 64 0 0 0 frame0
1416 1554 128 64 0 0 0 frame1
1416 1620 128 64 0 0 0 frame2
1546 1435 128 64 0 0 0 frame3
1546 1501 128 64 0 0 0 frame4
1546 1567 128 64 0 0 0 frame5
1546 1633 128 64 0 0 0 frame6
1546 1699 128 64 0 0 0 frame7
1782 1707 128 64 0 0 0 frame8
1912 1707 128 64 0 0 0 frame9
1546 1765 128 64 0 0 0 frame10
1544 1831 128 64 0 0 0 frame11
1544 1897 128 64 0 0 0 frame12
1674 1831 128 64 0 0 0 frame13
1674 1897 128 64 0 0 0 frame14
1782 1963 128 64 0 0 0 frame15
1912 1773 128 64 0 0 0 frame16
1912 1839 128 64 0 0 0 frame17
1912 1905 128 64 0 0 0 frame18
1912 1971 128 64 0 0 0 frame19
