1
texture0.tex
112 112
24
0 0 112 112 0 0 0 frame0
0 114 112 112 0 0 0 frame1
114 0 112 112 0 0 0 frame2
114 114 112 112 0 0 0 frame3
228 0 112 112 0 0 0 frame4
228 114 112 112 0 0 0 frame5
342 0 112 112 0 0 0 frame6
342 114 112 112 0 0 0 frame7
456 0 112 112 0 0 0 frame8
456 114 112 112 0 0 0 frame9
570 0 112 112 0 0 0 frame10
570 114 112 112 0 0 0 frame11
684 0 112 112 0 0 0 frame12
684 114 112 112 0 0 0 frame13
798 0 112 112 0 0 0 frame14
798 114 112 112 0 0 0 frame15
912 0 112 112 0 0 0 frame16
912 114 112 112 0 0 0 frame17
1026 0 112 112 0 0 0 frame18
1026 114 112 112 0 0 0 frame19
1140 0 112 112 0 0 0 frame20
1140 114 112 112 0 0 0 frame21
1254 0 112 112 0 0 0 frame22
1254 114 112 112 0 0 0 frame23
