1
texture0.tex
51 51
23
0 0 51 51 0 0 0 frame0
53 0 51 51 0 0 0 frame1
106 0 51 51 0 0 0 frame2
159 0 51 51 0 0 0 frame3
212 0 51 51 0 0 0 frame4
265 0 51 51 0 0 0 frame5
318 0 51 51 0 0 0 frame6
371 0 51 51 0 0 0 frame7
424 0 51 51 0 0 0 frame8
477 0 51 51 0 0 0 frame9
530 0 51 51 0 0 0 frame10
583 0 51 51 0 0 0 frame11
636 0 51 51 0 0 0 frame12
689 0 51 51 0 0 0 frame13
742 0 51 51 0 0 0 frame14
795 0 51 51 0 0 0 frame15
848 0 51 51 0 0 0 frame16
901 0 51 51 0 0 0 frame17
954 0 51 51 0 0 0 frame18
1007 0 51 51 0 0 0 frame19
1060 0 51 51 0 0 0 frame20
1113 0 51 51 0 0 0 frame21
1166 0 51 51 0 0 0 frame22
