1
texture0.tex
64 64
32
565 0 23 31 20 20 0 frame0
539 0 24 32 19 19 0 frame1
507 0 30 33 17 17 0 frame2
42 0 32 44 17 17 0 frame3
287 40 33 24 16 20 0 frame4
472 35 34 18 16 22 0 frame5
508 35 34 16 13 22 0 frame6
287 0 33 38 10 18 0 frame7
435 0 35 32 8 16 0 frame8
161 0 36 39 7 13 0 frame9
199 0 38 36 6 11 0 frame10
76 34 36 29 7 16 0 frame11
155 41 39 18 4 28 0 frame12
0 39 39 23 4 23 0 frame13
199 38 37 25 6 18 0 frame14
322 35 36 29 8 14 0 frame15
322 0 37 33 7 11 0 frame16
361 0 36 33 9 11 0 frame17
399 35 30 26 12 15 0 frame18
590 0 25 21 19 18 0 frame19
42 46 25 16 24 22 0 frame20
472 0 33 33 23 10 0 frame21
122 0 37 38 23 8 0 frame22
0 0 40 37 23 9 0 frame23
76 0 44 32 20 4 0 frame24
239 0 44 31 20 1 0 frame25
239 33 46 28 18 6 0 frame26
114 40 39 19 21 15 0 frame27
565 33 35 20 19 19 0 frame28
435 34 34 25 15 21 0 frame29
360 35 37 28 11 19 0 frame30
399 0 34 33 12 18 0 frame31
