1
texture0.tex
128 128
29
643 446 128 128 0 0 0 frame0
643 575 128 128 0 0 0 frame1
726 257 128 128 0 0 0 frame2
770 0 128 128 0 0 0 frame3
515 833 128 128 0 0 0 frame4
515 962 128 128 0 0 0 frame5
515 1091 128 128 0 0 0 frame6
515 1220 128 128 0 0 0 frame7
515 1349 128 128 0 0 0 frame8
515 1478 128 128 0 0 0 frame9
516 1607 128 128 0 0 0 frame10
516 1736 128 128 0 0 0 frame11
516 1865 128 128 0 0 0 frame12
644 704 128 128 0 0 0 frame13
772 386 128 128 0 0 0 frame14
772 515 128 128 0 0 0 frame15
855 129 128 128 0 0 0 frame16
899 0 128 128 0 0 0 frame17
644 833 128 128 0 0 0 frame18
644 962 128 128 0 0 0 frame19
644 1091 128 128 0 0 0 frame20
644 1220 128 128 0 0 0 frame21
644 1349 128 128 0 0 0 frame22
644 1478 128 128 0 0 0 frame23
645 1607 128 128 0 0 0 frame24
645 1736 128 128 0 0 0 frame25
645 1865 128 128 0 0 0 frame26
773 644 128 128 0 0 0 frame27
901 258 128 128 0 0 0 frame28
