1
texture0.tex
128 128
22
129 1798 128 128 0 0 0 frame0
257 770 128 128 0 0 0 frame1
257 899 128 128 0 0 0 frame2
257 1028 128 128 0 0 0 frame3
257 1157 128 128 0 0 0 frame4
257 1286 128 128 0 0 0 frame5
257 1415 128 128 0 0 0 frame6
257 1544 128 128 0 0 0 frame7
258 1673 128 128 0 0 0 frame8
258 1802 128 128 0 0 0 frame9
386 770 128 128 0 0 0 frame10
514 446 128 128 0 0 0 frame11
514 575 128 128 0 0 0 frame12
386 899 128 128 0 0 0 frame13
386 1028 128 128 0 0 0 frame14
386 1157 128 128 0 0 0 frame15
386 1286 128 128 0 0 0 frame16
386 1415 128 128 0 0 0 frame17
386 1544 128 128 0 0 0 frame18
387 1673 128 128 0 0 0 frame19
387 1802 128 128 0 0 0 frame20
515 704 128 128 0 0 0 frame21
