1
texture0.tex
128 128
32
984 129 128 128 0 0 0 frame0
1028 0 128 128 0 0 0 frame1
901 387 128 128 0 0 0 frame2
773 773 128 128 0 0 0 frame3
773 902 128 128 0 0 0 frame4
773 1031 128 128 0 0 0 frame5
773 1160 128 128 0 0 0 frame6
773 1289 128 128 0 0 0 frame7
773 1418 128 128 0 0 0 frame8
774 1547 128 128 0 0 0 frame9
774 1676 128 128 0 0 0 frame10
774 1805 128 128 0 0 0 frame11
902 516 128 128 0 0 0 frame12
1030 258 128 128 0 0 0 frame13
1113 129 128 128 0 0 0 frame14
1157 0 128 128 0 0 0 frame15
1030 387 128 128 0 0 0 frame16
902 645 128 128 0 0 0 frame17
902 774 128 128 0 0 0 frame18
902 903 128 128 0 0 0 frame19
902 1032 128 128 0 0 0 frame20
902 1161 128 128 0 0 0 frame21
902 1290 128 128 0 0 0 frame22
903 1419 128 128 0 0 0 frame23
903 1548 128 128 0 0 0 frame24
903 1677 128 128 0 0 0 frame25
903 1806 128 128 0 0 0 frame26
1031 516 128 128 0 0 0 frame27
1159 258 128 128 0 0 0 frame28
1242 129 128 128 0 0 0 frame29
1286 0 128 128 0 0 0 frame30
1159 387 128 128 0 0 0 frame31
