1
texture0.tex
128 128
23
1031 645 128 128 0 0 0 frame0
1031 774 128 128 0 0 0 frame1
1031 903 128 128 0 0 0 frame2
1031 1032 128 128 0 0 0 frame3
1031 1161 128 128 0 0 0 frame4
1031 1290 128 128 0 0 0 frame5
1032 1419 128 128 0 0 0 frame6
1032 1548 128 128 0 0 0 frame7
1032 1677 128 128 0 0 0 frame8
1032 1806 128 128 0 0 0 frame9
1160 516 128 128 0 0 0 frame10
1288 258 128 128 0 0 0 frame11
1371 129 128 128 0 0 0 frame12
1415 0 128 128 0 0 0 frame13
1288 387 128 128 0 0 0 frame14
1160 645 128 128 0 0 0 frame15
1160 774 128 128 0 0 0 frame16
1160 903 128 128 0 0 0 frame17
1160 1032 128 128 0 0 0 frame18
1160 1161 128 128 0 0 0 frame19
1160 1290 128 128 0 0 0 frame20
1161 1419 128 128 0 0 0 frame21
1161 1548 128 128 0 0 0 frame22
