1
texture0.tex
64 64
21
1420 1808 64 64 0 0 0 frame0
1464 1873 64 64 0 0 0 frame1
1464 1938 64 64 0 0 0 frame2
1418 516 64 64 0 0 0 frame3
1418 581 64 64 0 0 0 frame4
1418 646 64 64 0 0 0 frame5
1418 711 64 64 0 0 0 frame6
1418 776 64 64 0 0 0 frame7
1418 841 64 64 0 0 0 frame8
1418 906 64 64 0 0 0 frame9
1418 971 64 64 0 0 0 frame10
1418 1036 64 64 0 0 0 frame11
1441 1101 64 64 0 0 0 frame12
1441 1166 64 64 0 0 0 frame13
1441 1231 64 64 0 0 0 frame14
1485 1296 64 64 0 0 0 frame15
1485 1361 64 64 0 0 0 frame16
1485 1426 64 64 0 0 0 frame17
1485 1491 64 64 0 0 0 frame18
1485 1556 64 64 0 0 0 frame19
1485 1621 64 64 0 0 0 frame20
